1 13 0 11 
0 2 0 10 
5 4 0 9 
0 0 0 0 

0 0 0 0 
8 0 1 15 
0 0 6 0 
10 0 0 0 

0 0 0 0 
5 0 15 1 
7 8 14 12 
0 10 0 0 

0 2 15 0 
0 0 1 0 
0 6 5 0 
0 0 0 12 

0 15 0 0 
14 0 0 10 
0 3 6 0 
4 0 2 1 

0 0 0 10 
14 0 0 0 
2 15 0 8 
0 1 0 7 

6 0 8 0 
0 0 1 10 
0 4 11 12 
0 15 0 0 

0 1 9 0 
3 0 0 0 
13 0 5 0 
0 14 0 0 

13 1 0 10 
0 12 0 9 
0 7 0 0 
0 6 0 4 

5 4 0 0 
0 0 0 0 
15 2 12 0 
0 13 1 11 

0 0 0 0 
0 0 0 9 
2 15 5 8 
0 1 7 0 

0 0 0 0 
9 0 1 0 
0 11 3 0 
0 0 14 15 

5 4 2 0 
0 0 1 0 
7 0 10 0 
0 11 12 0 

14 0 0 9 
13 0 10 8 
0 1 11 0 
2 4 0 0 

0 3 4 6 
2 0 0 5 
1 0 8 10 
0 0 0 0 

0 0 12 0 
0 5 0 11 
0 6 0 10 
0 1 9 0 

0 4 3 2 
0 0 1 11 
0 8 0 0 
0 15 0 13 

0 0 0 0 
1 0 0 8 
0 2 13 9 
0 12 11 10 

8 0 3 5 
0 0 6 0 
0 11 1 15 
0 13 0 0 

5 4 15 0 
0 3 14 1 
9 0 2 0 
0 10 0 0 

5 0 0 9 
0 0 0 1 
0 0 0 0 
12 14 15 0 

0 1 0 15 
0 4 2 0 
7 3 0 0 
0 9 12 0 

4 3 9 0 
0 5 0 0 
1 0 0 13 
0 0 14 0 

0 2 0 4 
0 1 0 10 
14 6 0 0 
0 12 0 0 

0 0 13 12 
0 8 0 0 
5 7 1 15 
0 0 0 0 

13 12 10 0 
0 0 0 0 
0 0 1 3 
0 0 5 0 

1 7 0 0 
15 0 0 0 
14 0 3 0 
0 12 0 0 

0 4 1 0 
0 15 0 0 
0 14 9 11 
0 0 13 12 

0 3 6 5 
0 2 4 0 
1 0 0 10 
0 0 0 0 

0 1 0 0 
0 13 0 15 
10 9 14 0 
8 0 0 0 

10 8 0 0 
0 11 0 0 
0 1 4 0 
0 14 15 0 

13 0 0 0 
0 0 0 1 
6 4 10 0 
5 0 0 9 

0 0 13 4 
0 0 5 0 
9 0 15 0 
8 7 0 1 

1 0 0 0 
2 0 0 0 
0 7 0 15 
0 8 13 0 

4 0 8 0 
2 5 0 0 
1 6 11 0 
0 0 0 12 

0 0 7 6 
1 0 0 0 
2 0 11 13 
0 0 0 12 

0 0 0 1 
12 14 0 0 
15 0 5 8 
0 4 0 7 

10 11 12 13 
0 6 0 14 
0 8 1 0 
0 0 0 0 

0 0 14 0 
0 1 13 0 
2 0 0 8 
0 0 0 9 

13 14 1 0 
0 0 0 0 
11 7 0 0 
10 9 0 4 

0 1 5 0 
2 0 0 15 
10 0 7 0 
0 11 0 13 

12 0 0 15 
11 0 4 0 
0 6 0 2 
0 0 0 1 

13 0 0 0 
0 0 15 0 
3 0 10 0 
1 0 8 9 

6 4 15 0 
5 0 0 0 
9 0 0 2 
0 0 0 1 

11 0 0 8 
0 0 0 0 
13 0 6 0 
0 5 2 1 

9 0 1 0 
10 7 0 15 
0 0 0 3 
0 13 5 0 

0 0 5 3 
0 11 4 0 
12 9 0 1 
0 0 0 0 

0 10 0 13 
1 8 12 0 
0 0 0 0 
0 0 4 0 

0 12 10 8 
14 0 7 9 
0 0 0 4 
0 1 3 0 

0 10 0 0 
8 1 15 0 
0 0 2 0 
6 0 0 3 

0 0 0 1 
0 4 5 8 
0 0 0 9 
0 12 0 10 

0 10 12 0 
0 0 0 0 
7 0 15 0 
5 0 1 0 

0 1 5 4 
0 0 2 0 
0 0 8 9 
13 0 0 0 

0 10 0 8 
12 0 6 0 
1 0 3 0 
0 0 14 0 

6 7 8 0 
0 0 0 10 
0 4 1 12 
0 0 0 0 

0 15 0 6 
0 0 1 5 
0 13 2 0 
10 0 0 3 

0 0 0 0 
14 6 0 10 
15 0 7 0 
0 0 0 1 

1 2 0 0 
10 0 4 0 
9 11 0 0 
0 7 0 13 

0 0 0 0 
4 3 12 11 
5 2 1 0 
0 0 0 9 

0 0 10 0 
0 8 0 11 
0 0 0 14 
0 1 0 13 

15 0 5 0 
14 0 0 1 
13 0 10 2 
0 11 0 0 

0 0 0 0 
0 0 3 7 
0 0 0 8 
0 1 0 10 

0 0 12 13 
6 0 0 14 
0 0 3 15 
0 0 1 0 

0 2 0 0 
0 1 6 4 
14 0 8 10 
0 0 0 9 

0 0 0 2 
7 0 3 1 
0 0 15 0 
0 0 5 0 

0 3 0 6 
15 0 5 0 
12 0 1 8 
0 0 10 9 

0 15 1 3 
0 0 0 2 
0 5 13 12 
0 0 0 0 

0 0 0 0 
15 0 13 0 
0 1 0 8 
2 11 0 0 

0 0 0 0 
0 1 12 13 
0 7 9 0 
0 5 0 0 

13 0 8 9 
14 12 0 7 
0 0 2 0 
0 1 4 0 

12 0 0 0 
0 4 0 15 
0 10 5 0 
1 2 6 0 

15 0 0 0 
0 2 1 0 
3 4 0 0 
0 6 9 0 

0 0 12 11 
0 0 10 9 
0 6 0 2 
0 0 0 1 

0 0 0 11 
1 3 14 0 
4 0 9 0 
6 5 0 0 